0 -1 4 -1 -1 -1 14 -1 24 23 -1 21 -1 -1 26 25 -1 29 30 -1 32 -1 132 -1 -1 131 132 -1 120 -1 -1 121 -1 119 120 -1 122 123 124 125 -1 135 134 133 -1 143 -1 -1 -1 -1 
1 2 3 4 -1 12 13 14 -1 22 21 20 21 22 -1 24 -1 28 -1 30 31 -1 131 130 129 130 -1 120 119 118 119 120 119 118 -1 120 121 -1 -1 126 127 -1 -1 132 -1 142 141 -1 141 -1 
2 -1 -1 -1 -1 11 -1 -1 14 -1 20 19 -1 21 22 23 -1 27 28 29 30 31 -1 -1 128 -1 122 121 -1 117 -1 -1 -1 117 118 119 -1 -1 128 127 128 129 130 131 132 -1 140 139 140 141 
3 -1 7 8 9 10 11 12 13 14 -1 18 -1 20 -1 24 25 26 -1 -1 31 -1 129 128 127 126 -1 120 -1 116 115 114 115 116 -1 120 -1 122 -1 128 -1 130 -1 -1 133 134 -1 138 -1 -1 
4 5 6 -1 -1 -1 -1 -1 14 15 16 17 18 19 -1 25 -1 27 28 29 30 -1 130 129 -1 125 -1 119 118 117 -1 113 -1 117 118 119 120 121 -1 129 -1 -1 136 135 134 135 136 137 138 139 
-1 -1 7 8 -1 34 35 36 -1 -1 17 -1 19 -1 27 26 27 28 -1 30 -1 66 -1 -1 125 124 123 -1 -1 118 -1 112 111 -1 -1 120 -1 122 -1 130 -1 -1 -1 -1 -1 -1 137 -1 -1 -1 
10 9 8 -1 -1 33 -1 -1 -1 -1 18 -1 20 -1 28 27 -1 29 30 -1 66 65 -1 67 -1 123 122 121 120 119 120 -1 110 111 112 -1 136 -1 132 131 -1 -1 -1 141 140 139 138 139 140 141 
-1 10 -1 34 33 32 31 30 -1 28 -1 22 21 22 -1 28 29 -1 -1 -1 -1 64 -1 66 -1 124 -1 -1 -1 -1 -1 110 109 -1 -1 136 135 134 133 -1 145 144 143 142 -1 -1 -1 140 -1 142 
12 11 -1 -1 -1 31 30 29 28 27 -1 23 -1 23 -1 29 30 31 32 -1 -1 63 64 65 -1 125 126 127 128 129 130 -1 108 107 106 -1 136 -1 134 135 -1 -1 144 143 144 145 -1 141 142 -1 
-1 -1 37 36 35 -1 -1 30 -1 26 25 24 25 -1 -1 -1 31 32 -1 62 61 62 -1 66 67 -1 127 -1 129 -1 131 -1 109 -1 105 -1 137 -1 135 -1 147 146 145 -1 -1 146 -1 142 143 144 
40 39 38 -1 34 33 32 31 -1 27 26 -1 26 27 28 29 30 -1 60 -1 60 61 -1 67 -1 67 -1 -1 -1 -1 -1 -1 -1 105 104 105 -1 101 -1 -1 -1 147 -1 149 148 147 148 -1 144 -1 
-1 -1 -1 36 35 -1 33 32 -1 28 -1 28 27 -1 29 30 -1 58 59 60 59 -1 69 68 67 66 65 -1 69 -1 71 -1 -1 -1 103 -1 101 100 -1 -1 -1 -1 151 150 149 -1 149 -1 145 146 
40 39 38 37 36 37 -1 31 30 29 30 29 28 29 -1 31 -1 57 -1 -1 58 59 -1 -1 -1 -1 64 -1 68 69 70 -1 -1 103 102 101 100 99 -1 -1 -1 -1 -1 151 -1 151 150 151 -1 -1 
-1 40 -1 38 -1 38 -1 32 31 -1 -1 -1 29 30 31 32 -1 56 57 56 57 -1 -1 62 61 62 63 -1 67 -1 -1 -1 -1 -1 -1 -1 -1 98 -1 -1 -1 -1 153 152 153 152 -1 152 153 154 
-1 41 -1 39 -1 37 -1 33 -1 33 32 31 30 -1 -1 33 -1 55 -1 55 -1 59 60 -1 60 -1 64 65 66 67 -1 -1 -1 93 94 95 96 97 -1 -1 -1 159 -1 -1 -1 153 -1 153 154 -1 
-1 40 39 38 37 36 35 34 -1 34 -1 -1 31 32 33 -1 55 54 53 54 -1 58 -1 -1 59 60 -1 64 -1 -1 95 -1 93 92 -1 96 -1 -1 -1 160 159 158 157 156 155 154 155 -1 155 156 
-1 41 -1 39 -1 37 36 -1 36 35 34 33 32 33 34 -1 56 -1 52 53 -1 57 56 57 58 -1 62 63 64 -1 94 93 92 91 92 -1 88 89 90 -1 -1 -1 -1 157 -1 155 -1 157 156 -1 
43 42 -1 40 -1 38 37 -1 37 -1 35 -1 33 -1 -1 38 -1 52 51 -1 53 -1 55 -1 59 60 61 -1 -1 -1 -1 94 -1 90 -1 -1 87 -1 -1 -1 161 160 159 158 -1 -1 185 -1 157 -1 
-1 -1 42 41 -1 39 -1 39 38 37 36 -1 34 35 36 37 -1 -1 50 51 52 53 54 55 -1 59 -1 61 62 -1 92 -1 90 89 88 87 86 -1 164 163 162 -1 -1 -1 182 183 184 185 -1 -1 
45 44 43 42 -1 40 41 40 -1 -1 37 36 35 36 -1 -1 47 -1 49 -1 -1 52 -1 56 57 58 59 60 61 -1 91 90 -1 90 -1 86 85 -1 165 164 -1 182 181 180 181 -1 -1 -1 183 -1 
-1 45 -1 43 44 -1 42 -1 40 39 38 -1 36 -1 48 47 46 47 48 49 50 51 -1 -1 -1 59 -1 -1 62 63 -1 89 -1 -1 -1 -1 84 -1 -1 165 -1 183 -1 179 -1 181 180 181 182 -1 
47 46 -1 44 -1 44 43 42 41 -1 39 38 37 38 -1 -1 45 -1 47 -1 51 -1 55 56 57 58 -1 64 63 64 -1 88 87 88 -1 84 83 -1 167 166 167 -1 179 178 177 -1 179 -1 183 -1 
-1 47 -1 45 46 45 44 -1 42 41 40 -1 -1 39 40 -1 44 45 46 -1 52 53 54 55 -1 59 -1 65 -1 65 66 -1 86 -1 84 -1 82 -1 168 -1 -1 -1 -1 -1 176 -1 178 179 -1 183 
49 48 47 46 47 -1 45 46 -1 42 -1 42 41 40 41 42 43 -1 -1 54 53 -1 55 -1 61 60 -1 64 -1 66 67 -1 85 84 83 82 81 -1 169 170 171 172 173 174 175 176 177 178 -1 182 
-1 -1 48 -1 48 47 46 45 44 43 -1 43 42 -1 -1 -1 44 -1 -1 -1 54 55 -1 59 60 -1 62 63 64 65 -1 -1 -1 85 -1 81 80 -1 170 -1 -1 173 -1 -1 -1 177 -1 179 180 181 
51 50 49 50 49 -1 -1 46 -1 44 45 44 -1 48 49 50 -1 54 55 56 -1 56 57 58 59 60 61 62 -1 66 67 68 69 -1 -1 -1 79 -1 171 172 173 174 175 176 -1 -1 181 180 -1 -1 
-1 51 -1 51 -1 49 48 47 -1 45 -1 45 46 47 -1 51 52 53 -1 57 58 57 -1 -1 -1 -1 -1 63 64 65 -1 69 -1 75 -1 77 78 -1 172 -1 174 175 176 177 178 179 -1 181 182 183 
-1 52 53 52 51 50 -1 48 -1 46 47 -1 47 -1 51 52 -1 54 -1 58 -1 -1 61 62 63 64 65 64 65 -1 71 70 -1 74 -1 76 -1 174 173 174 -1 176 -1 -1 -1 180 -1 182 183 184 
54 53 -1 -1 -1 -1 50 49 48 47 -1 49 48 49 50 -1 56 55 56 57 58 59 60 -1 -1 65 -1 -1 -1 73 72 71 72 73 74 75 76 -1 174 175 176 177 178 179 180 181 -1 183 -1 -1 
-1 54 55 54 53 52 51 -1 -1 48 49 -1 -1 -1 51 -1 57 -1 -1 -1 59 -1 61 62 63 -1 -1 -1 -1 -1 -1 72 -1 -1 -1 76 -1 -1 -1 176 -1 -1 179 -1 -1 -1 -1 184 185 186 
